==========================================================================================
Information: 
Exchange parameters generated by TB2J 0.7.0
Generation time: 21/11/22 16:48:47
 Input from collinear Siesta data.
 working directory: /home/hexu/projects/TB2J_tutorial/tutorials/Fe_Siesta
 fdf_fname: Fe.fdf.

==========================================================================================
Cell (Angstrom):
 2.467   0.000   0.000
-0.822   2.325   0.000
-0.822  -1.163   2.014

==========================================================================================
Atoms:  
(Note: charge and magmoms only count the wannier functions.)
Atom number      x         y         z     w_charge  w_magmom 
Fe1             0.0000    0.0000    0.0000    7.9828    2.3192
Total                                         7.9828    2.3192

==========================================================================================
Orbitals used in decomposition: 
The name of the orbitals for the decomposition: 
Fe1 : ('3s', '4s', '3py', '3pz', '3px', '3dxy', '3dyz', '3dz2', '3dxz', '3dx2-y2', '4py', '4pz', '4px')

==========================================================================================
Exchange: 
    i      j          R        J_iso(meV)          vector          distance(A) 
----------------------------------------------------------------------------------------
   Fe1   Fe1   ( -1,   0,   0) 19.7106   (-2.467,  0.000,  0.000)  2.467 
J_iso: 19.7106 
Orbital contributions:
 isotropic J:
 [[ 0.005  0.122 -0.    -0.    -0.004 -0.     0.     0.004 -0.     0.012
   0.     0.     0.017]
 [ 0.119  0.383 -0.    -0.     0.087 -0.    -0.     0.043 -0.     0.128
  -0.    -0.    -0.006]
 [-0.     0.     0.004 -0.    -0.    -0.065 -0.     0.001  0.     0.
   0.002  0.    -0.   ]
 [-0.     0.    -0.     0.004  0.    -0.     0.001 -0.    -0.065  0.
   0.     0.002  0.   ]
 [-0.005  0.089 -0.     0.     0.008  0.    -0.     0.06   0.     0.18
   0.    -0.     0.024]
 [ 0.     0.    -0.077  0.     0.    11.635 -0.     0.327  0.     0.109
  -0.136 -0.    -0.   ]
 [ 0.     0.     0.    -0.002 -0.    -0.     3.625  0.    -0.16  -0.
   0.    -0.003  0.   ]
 [ 0.006  0.041 -0.002 -0.     0.046 -0.12   0.     3.143 -0.    -3.255
  -0.002  0.    -0.106]
 [ 0.     0.    -0.    -0.078  0.     0.     0.436  0.    11.627 -0.
   0.    -0.135  0.   ]
 [ 0.018  0.123 -0.001  0.     0.143 -0.04  -0.    -3.255  0.    -4.312
  -0.001  0.    -0.327]
 [ 0.    -0.     0.002  0.     0.    -0.153 -0.    -0.001 -0.    -0.
  -0.002  0.    -0.   ]
 [ 0.    -0.     0.     0.002  0.    -0.    -0.001  0.    -0.152  0.
   0.    -0.002  0.   ]
 [ 0.017 -0.008 -0.     0.     0.017 -0.     0.    -0.12  -0.    -0.364
  -0.     0.     0.059]] 
----------------------------------------------------------------------------------------
   Fe1   Fe1   (  0,  -1,   0) 19.7126   ( 0.822, -2.325,  0.000)  2.467 
J_iso: 19.7126 
Orbital contributions:
 isotropic J:
 [[ 0.005  0.122 -0.004 -0.    -0.     0.005  0.     0.004  0.     0.008
   0.015  0.     0.002]
 [ 0.119  0.383  0.078 -0.     0.01   0.051  0.     0.043 -0.     0.077
  -0.006 -0.    -0.001]
 [-0.004  0.079  0.005  0.     0.002  0.046 -0.     0.052 -0.     0.109
   0.017 -0.     0.004]
 [-0.     0.     0.     0.004  0.     0.    -0.057 -0.    -0.007 -0.
   0.     0.002  0.   ]
 [-0.001  0.01   0.002 -0.     0.002 -0.015  0.     0.009  0.    -0.024
   0.004  0.     0.   ]
 [ 0.007  0.049  0.029  0.    -0.018  0.983  0.    -0.849  0.     4.618
  -0.213 -0.     0.006]
 [ 0.     0.    -0.    -0.071 -0.    -0.     5.857 -0.     4.664 -0.
   0.    -0.126  0.   ]
 [ 0.006  0.041  0.039 -0.     0.007 -0.652 -0.     3.143  0.    -2.721
  -0.099  0.    -0.01 ]
 [ 0.    -0.     0.    -0.009  0.     0.     4.069  0.     0.938 -0.
  -0.    -0.012 -0.   ]
 [ 0.011  0.074  0.093 -0.    -0.038  4.222  0.    -2.077  0.    -2.432
  -0.089  0.    -0.169]
 [ 0.016 -0.007  0.012 -0.     0.004 -0.233 -0.    -0.112  0.    -0.104
   0.046  0.     0.006]
 [ 0.    -0.     0.     0.002  0.    -0.    -0.145  0.    -0.009 -0.
   0.    -0.002  0.   ]
 [ 0.002 -0.001  0.004  0.     0.     0.004 -0.    -0.01   0.    -0.185
   0.006  0.    -0.002]] 
----------------------------------------------------------------------------------------
   Fe1   Fe1   (  0,   0,  -1) 19.7048   ( 0.822,  1.163, -2.014)  2.467 
J_iso: 19.7048 
Orbital contributions:
 isotropic J:
 [[ 0.005  0.122 -0.001 -0.003 -0.     0.001  0.007  0.004  0.004  0.
   0.004  0.011  0.002]
 [ 0.119  0.383  0.019  0.058  0.01   0.013  0.076  0.043  0.038  0.002
  -0.001 -0.004 -0.001]
 [-0.001  0.02   0.001  0.003  0.001  0.003  0.025 -0.02   0.002 -0.008
  -0.     0.006  0.001]
 [-0.003  0.06   0.003  0.001  0.002  0.002  0.061  0.045  0.03   0.
   0.006  0.007  0.003]
 [-0.001  0.01   0.001  0.002  0.002 -0.004  0.002 -0.01  -0.011 -0.009
   0.001  0.003  0.   ]
 [ 0.002  0.012  0.002 -0.001 -0.005  0.113 -0.774  4.837  0.835 -0.069
   0.003 -0.065  0.002]
 [ 0.01   0.073  0.022  0.039 -0.002 -0.462 -2.703 -1.315  2.004  2.018
   0.027 -0.192 -0.064]
 [ 0.006  0.041 -0.031  0.041 -0.016  4.923 -1.081  1.147 -0.541  0.615
  -0.155  0.03  -0.077]
 [ 0.005  0.036 -0.001  0.019 -0.013  0.835  2.004 -0.658  0.137  2.494
  -0.064 -0.096  0.005]
 [ 0.     0.002 -0.011 -0.    -0.015 -0.069  2.096  0.605  2.377  0.381
  -0.014 -0.008 -0.036]
 [ 0.004 -0.002 -0.001  0.005  0.001  0.004  0.025 -0.169 -0.068 -0.017
   0.     0.01   0.002]
 [ 0.012 -0.006  0.005  0.004  0.003 -0.069 -0.214  0.026 -0.107 -0.008
   0.01   0.025  0.005]
 [ 0.002 -0.001  0.001  0.003  0.     0.001 -0.068 -0.084  0.003 -0.04
   0.002  0.005 -0.002]] 
----------------------------------------------------------------------------------------
   Fe1   Fe1   (  0,   0,   1) 19.7048   (-0.822, -1.163,  2.014)  2.467 
J_iso: 19.7048 
Orbital contributions:
 isotropic J:
 [[ 0.005  0.119 -0.001 -0.003 -0.001  0.002  0.01   0.006  0.005  0.
   0.004  0.012  0.002]
 [ 0.122  0.383  0.02   0.06   0.01   0.012  0.073  0.041  0.036  0.002
  -0.002 -0.006 -0.001]
 [-0.001  0.019  0.001  0.003  0.001  0.002  0.022 -0.031 -0.001 -0.011
  -0.001  0.005  0.001]
 [-0.003  0.058  0.003  0.001  0.002 -0.001  0.039  0.041  0.019 -0.
   0.005  0.004  0.003]
 [-0.     0.01   0.001  0.002  0.002 -0.005 -0.002 -0.016 -0.013 -0.015
   0.001  0.003  0.   ]
 [ 0.001  0.013  0.003  0.002 -0.004  0.113 -0.462  4.923  0.835 -0.069
   0.004 -0.069  0.001]
 [ 0.007  0.076  0.025  0.061  0.002 -0.774 -2.703 -1.081  2.004  2.096
   0.025 -0.214 -0.068]
 [ 0.004  0.043 -0.02   0.045 -0.01   4.837 -1.315  1.147 -0.658  0.605
  -0.169  0.026 -0.084]
 [ 0.004  0.038  0.002  0.03  -0.011  0.835  2.004 -0.541  0.137  2.377
  -0.068 -0.107  0.003]
 [ 0.     0.002 -0.008  0.    -0.009 -0.069  2.018  0.615  2.494  0.381
  -0.017 -0.008 -0.04 ]
 [ 0.004 -0.001 -0.     0.006  0.001  0.003  0.027 -0.155 -0.064 -0.014
   0.     0.01   0.002]
 [ 0.011 -0.004  0.006  0.007  0.003 -0.065 -0.192  0.03  -0.096 -0.008
   0.01   0.025  0.005]
 [ 0.002 -0.001  0.001  0.003  0.     0.002 -0.064 -0.077  0.005 -0.036
   0.002  0.005 -0.002]] 
----------------------------------------------------------------------------------------
   Fe1   Fe1   (  0,   1,   0) 19.7126   (-0.822,  2.325,  0.000)  2.467 
J_iso: 19.7126 
Orbital contributions:
 isotropic J:
 [[ 0.005  0.119 -0.004 -0.    -0.001  0.007  0.     0.006  0.     0.011
   0.016  0.     0.002]
 [ 0.122  0.383  0.079  0.     0.01   0.049  0.     0.041 -0.     0.074
  -0.007 -0.    -0.001]
 [-0.004  0.078  0.005  0.     0.002  0.029 -0.     0.039  0.     0.093
   0.012  0.     0.004]
 [-0.    -0.     0.     0.004 -0.     0.    -0.071 -0.    -0.009 -0.
  -0.     0.002  0.   ]
 [-0.     0.01   0.002  0.     0.002 -0.018 -0.     0.007  0.    -0.038
   0.004  0.     0.   ]
 [ 0.005  0.051  0.046  0.    -0.015  0.983 -0.    -0.652  0.     4.222
  -0.233 -0.     0.004]
 [ 0.     0.    -0.    -0.057  0.     0.     5.857 -0.     4.069  0.
  -0.    -0.145 -0.   ]
 [ 0.004  0.043  0.052 -0.     0.009 -0.849 -0.     3.143  0.    -2.077
  -0.112  0.    -0.01 ]
 [ 0.    -0.    -0.    -0.007  0.     0.     4.664  0.     0.938  0.
   0.    -0.009  0.   ]
 [ 0.008  0.077  0.109 -0.    -0.024  4.618 -0.    -2.721 -0.    -2.432
  -0.104 -0.    -0.185]
 [ 0.015 -0.006  0.017  0.     0.004 -0.213  0.    -0.099 -0.    -0.089
   0.046  0.     0.006]
 [ 0.    -0.    -0.     0.002  0.    -0.    -0.126  0.    -0.012  0.
   0.    -0.002  0.   ]
 [ 0.002 -0.001  0.004  0.     0.     0.006  0.    -0.01  -0.    -0.169
   0.006  0.    -0.002]] 
----------------------------------------------------------------------------------------
   Fe1   Fe1   (  1,   0,   0) 19.7106   ( 2.467,  0.000,  0.000)  2.467 
J_iso: 19.7106 
Orbital contributions:
 isotropic J:
 [[ 0.005  0.119 -0.    -0.    -0.005  0.     0.     0.006  0.     0.018
   0.     0.     0.017]
 [ 0.122  0.383  0.     0.     0.089  0.     0.     0.041  0.     0.123
  -0.    -0.    -0.008]
 [-0.    -0.     0.004 -0.    -0.    -0.077  0.    -0.002 -0.    -0.001
   0.002  0.    -0.   ]
 [-0.    -0.    -0.     0.004  0.     0.    -0.002 -0.    -0.078  0.
   0.     0.002  0.   ]
 [-0.004  0.087 -0.     0.     0.008  0.    -0.     0.046  0.     0.143
   0.     0.     0.017]
 [-0.    -0.    -0.065 -0.     0.    11.635 -0.    -0.12   0.    -0.04
  -0.153 -0.    -0.   ]
 [ 0.    -0.    -0.     0.001 -0.    -0.     3.625  0.     0.436 -0.
  -0.    -0.001  0.   ]
 [ 0.004  0.043  0.001 -0.     0.06   0.327  0.     3.143  0.    -3.255
  -0.001  0.    -0.12 ]
 [-0.    -0.     0.    -0.065  0.     0.    -0.16  -0.    11.627  0.
  -0.    -0.152 -0.   ]
 [ 0.012  0.128  0.     0.     0.18   0.109 -0.    -3.255 -0.    -4.312
  -0.     0.    -0.364]
 [ 0.    -0.     0.002  0.     0.    -0.136  0.    -0.002  0.    -0.001
  -0.002  0.    -0.   ]
 [ 0.    -0.     0.     0.002 -0.    -0.    -0.003  0.    -0.135  0.
   0.    -0.002  0.   ]
 [ 0.017 -0.006 -0.     0.     0.024 -0.     0.    -0.106  0.    -0.327
  -0.     0.     0.059]] 
----------------------------------------------------------------------------------------
   Fe1   Fe1   ( -1,  -1,  -1) 19.7199   (-0.822, -1.163, -2.014)  2.467 
J_iso: 19.7199 
Orbital contributions:
 isotropic J:
 [[ 0.005  0.122 -0.001 -0.003 -0.     0.001  0.007  0.004  0.004  0.
   0.004  0.011  0.002]
 [ 0.119  0.383  0.019  0.058  0.01   0.013  0.076  0.043  0.038  0.002
  -0.001 -0.004 -0.001]
 [-0.001  0.02   0.001  0.003  0.001  0.003  0.025 -0.018  0.003 -0.009
  -0.     0.006  0.001]
 [-0.003  0.06   0.003  0.001  0.002  0.004  0.062  0.046  0.031  0.
   0.006  0.007  0.003]
 [-0.001  0.01   0.001  0.002  0.002 -0.004  0.003 -0.009 -0.011 -0.01
   0.001  0.003  0.   ]
 [ 0.002  0.012  0.002 -0.002 -0.005  0.113 -0.773  4.837  0.839 -0.068
   0.003 -0.064  0.002]
 [ 0.01   0.073  0.022  0.039 -0.002 -0.461 -2.702 -1.317  2.003  2.02
   0.027 -0.193 -0.064]
 [ 0.006  0.041 -0.031  0.041 -0.015  4.923 -1.083  1.154 -0.542  0.615
  -0.155  0.03  -0.078]
 [ 0.005  0.036 -0.002  0.019 -0.013  0.839  2.003 -0.659  0.137  2.494
  -0.064 -0.096  0.005]
 [ 0.     0.002 -0.011 -0.    -0.015 -0.068  2.098  0.604  2.377  0.384
  -0.014 -0.008 -0.035]
 [ 0.004 -0.002 -0.001  0.005  0.001  0.005  0.024 -0.171 -0.07  -0.017
   0.     0.01   0.002]
 [ 0.012 -0.006  0.005  0.004  0.002 -0.07  -0.216  0.025 -0.108 -0.009
   0.01   0.024  0.005]
 [ 0.002 -0.001  0.001  0.002  0.     0.001 -0.07  -0.086  0.003 -0.039
   0.002  0.005 -0.002]] 
----------------------------------------------------------------------------------------
   Fe1   Fe1   (  1,   1,   1) 19.7199   ( 0.822,  1.163,  2.014)  2.467 
J_iso: 19.7199 
Orbital contributions:
 isotropic J:
 [[ 0.005  0.119 -0.001 -0.003 -0.001  0.002  0.01   0.006  0.005  0.
   0.004  0.012  0.002]
 [ 0.122  0.383  0.02   0.06   0.01   0.012  0.073  0.041  0.036  0.002
  -0.002 -0.006 -0.001]
 [-0.001  0.019  0.001  0.003  0.001  0.002  0.022 -0.031 -0.002 -0.011
  -0.001  0.005  0.001]
 [-0.003  0.058  0.003  0.001  0.002 -0.002  0.039  0.041  0.019 -0.
   0.005  0.004  0.002]
 [-0.     0.01   0.001  0.002  0.002 -0.005 -0.002 -0.015 -0.013 -0.015
   0.001  0.002  0.   ]
 [ 0.001  0.013  0.003  0.004 -0.004  0.113 -0.461  4.923  0.839 -0.068
   0.005 -0.07   0.001]
 [ 0.007  0.076  0.025  0.062  0.003 -0.773 -2.702 -1.083  2.003  2.098
   0.024 -0.216 -0.07 ]
 [ 0.004  0.043 -0.018  0.046 -0.009  4.837 -1.317  1.154 -0.659  0.604
  -0.171  0.025 -0.086]
 [ 0.004  0.038  0.003  0.031 -0.011  0.839  2.003 -0.542  0.137  2.377
  -0.07  -0.108  0.003]
 [ 0.     0.002 -0.009  0.    -0.01  -0.068  2.02   0.615  2.494  0.384
  -0.017 -0.009 -0.039]
 [ 0.004 -0.001 -0.     0.006  0.001  0.003  0.027 -0.155 -0.064 -0.014
   0.     0.01   0.002]
 [ 0.011 -0.004  0.006  0.007  0.003 -0.064 -0.193  0.03  -0.096 -0.008
   0.01   0.024  0.005]
 [ 0.002 -0.001  0.001  0.003  0.     0.002 -0.064 -0.078  0.005 -0.035
   0.002  0.005 -0.002]] 
----------------------------------------------------------------------------------------
   Fe1   Fe1   (  0,  -1,  -1) 12.3694   ( 1.644, -1.163, -2.014)  2.848 
J_iso: 12.3694 
Orbital contributions:
 isotropic J:
 [[ 0.005 -0.032 -0.001 -0.003 -0.002  0.001  0.002  0.     0.003  0.
   0.001  0.003  0.002]
 [-0.035  0.088  0.018  0.055  0.037 -0.014 -0.021 -0.005 -0.043 -0.002
   0.008  0.025  0.017]
 [-0.001  0.019 -0.     0.001  0.001  0.002  0.003 -0.007 -0.017 -0.01
  -0.     0.002  0.002]
 [-0.002  0.056  0.001  0.002  0.003 -0.017 -0.005  0.001 -0.011 -0.002
   0.002  0.004  0.005]
 [-0.001  0.037  0.001  0.003  0.001  0.001 -0.018 -0.016  0.002 -0.001
   0.002  0.005  0.001]
 [ 0.003 -0.016  0.005 -0.014  0.004  0.167 -0.103  1.914 -0.538  0.43
  -0.001 -0.084 -0.024]
 [ 0.004 -0.024  0.007  0.001 -0.013 -0.103  0.344 -0.079  2.475 -0.195
  -0.001 -0.075 -0.086]
 [ 0.001 -0.006 -0.007  0.004 -0.015  1.914 -0.079  2.653 -0.158  0.239
  -0.022  0.005 -0.042]
 [ 0.009 -0.048 -0.014  0.002  0.012 -0.538  2.475 -0.158 -0.536  0.034
  -0.085 -0.15  -0.072]
 [ 0.    -0.002 -0.009 -0.002 -0.001  0.43  -0.195  0.239  0.034  2.885
  -0.017 -0.011  0.002]
 [ 0.001  0.008 -0.     0.003  0.002  0.006  0.009 -0.024 -0.088 -0.019
   0.001 -0.003 -0.002]
 [ 0.002  0.023  0.003  0.005  0.005 -0.087 -0.069  0.015 -0.138 -0.011
  -0.003 -0.006 -0.005]
 [ 0.002  0.016  0.002  0.005  0.002 -0.019 -0.087 -0.046 -0.056  0.005
  -0.002 -0.005 -0.002]] 
----------------------------------------------------------------------------------------
   Fe1   Fe1   (  0,   1,   1) 12.3694   (-1.644,  1.163,  2.014)  2.848 
J_iso: 12.3694 
Orbital contributions:
 isotropic J:
 [[ 0.005 -0.035 -0.001 -0.002 -0.001  0.003  0.004  0.001  0.009  0.
   0.001  0.002  0.002]
 [-0.032  0.088  0.019  0.056  0.037 -0.016 -0.024 -0.006 -0.048 -0.002
   0.008  0.023  0.016]
 [-0.001  0.018 -0.     0.001  0.001  0.005  0.007 -0.007 -0.014 -0.009
  -0.     0.003  0.002]
 [-0.003  0.055  0.001  0.002  0.003 -0.014  0.001  0.004  0.002 -0.002
   0.003  0.005  0.005]
 [-0.002  0.037  0.001  0.003  0.001  0.004 -0.013 -0.015  0.012 -0.001
   0.002  0.005  0.002]
 [ 0.001 -0.014  0.002 -0.017  0.001  0.167 -0.103  1.914 -0.538  0.43
   0.006 -0.087 -0.019]
 [ 0.002 -0.021  0.003 -0.005 -0.018 -0.103  0.344 -0.079  2.475 -0.195
   0.009 -0.069 -0.087]
 [ 0.    -0.005 -0.007  0.001 -0.016  1.914 -0.079  2.653 -0.158  0.239
  -0.024  0.015 -0.046]
 [ 0.003 -0.043 -0.017 -0.011  0.002 -0.538  2.475 -0.158 -0.536  0.034
  -0.088 -0.138 -0.056]
 [ 0.    -0.002 -0.01  -0.002 -0.001  0.43  -0.195  0.239  0.034  2.885
  -0.019 -0.011  0.005]
 [ 0.001  0.008 -0.     0.002  0.002 -0.001 -0.001 -0.022 -0.085 -0.017
   0.001 -0.003 -0.002]
 [ 0.003  0.025  0.002  0.004  0.005 -0.084 -0.075  0.005 -0.15  -0.011
  -0.003 -0.006 -0.005]
 [ 0.002  0.017  0.002  0.005  0.001 -0.024 -0.086 -0.042 -0.072  0.002
  -0.002 -0.005 -0.002]] 
----------------------------------------------------------------------------------------
   Fe1   Fe1   ( -1,  -1,   0) 12.3712   (-1.644, -2.325,  0.000)  2.848 
J_iso: 12.3712 
Orbital contributions:
 isotropic J:
 [[ 0.005 -0.032 -0.004 -0.    -0.002  0.004  0.     0.002  0.     0.001
   0.004 -0.     0.002]
 [-0.035  0.088  0.073 -0.     0.037 -0.057 -0.    -0.021 -0.    -0.007
   0.033 -0.     0.017]
 [-0.002  0.075  0.005  0.     0.004 -0.035 -0.    -0.007 -0.     0.005
   0.009  0.     0.006]
 [-0.    -0.     0.     0.    -0.     0.    -0.018 -0.    -0.009  0.
   0.     0.     0.   ]
 [-0.001  0.037  0.004 -0.     0.001  0.003 -0.    -0.004 -0.    -0.031
   0.006  0.     0.001]
 [ 0.011 -0.064 -0.012  0.     0.017 -1.426  0.     1.665  0.     0.744
  -0.311 -0.    -0.097]
 [-0.    -0.     0.    -0.016  0.    -0.     1.912  0.     2.184 -0.
  -0.    -0.02   0.   ]
 [ 0.004 -0.024  0.001 -0.     0.     1.665  0.    -0.962  0.     0.208
  -0.099  0.    -0.049]
 [-0.    -0.     0.    -0.008  0.     0.     2.184  0.    -0.019 -0.
   0.    -0.01   0.   ]
 [ 0.001 -0.008  0.009  0.    -0.03   0.744  0.     0.208  0.     4.447
  -0.002 -0.    -0.074]
 [ 0.003  0.031  0.011 -0.     0.007 -0.297  0.    -0.092  0.     0.011
  -0.012  0.    -0.007]
 [ 0.    -0.    -0.    -0.001 -0.    -0.    -0.018  0.    -0.009 -0.
   0.     0.002  0.   ]
 [ 0.002  0.016  0.007 -0.     0.002 -0.075  0.    -0.045  0.    -0.082
  -0.007  0.    -0.002]] 
----------------------------------------------------------------------------------------
   Fe1   Fe1   ( -1,   0,  -1) 12.3680   (-1.644,  1.163, -2.014)  2.848 
J_iso: 12.3680 
Orbital contributions:
 isotropic J:
 [[ 0.005 -0.032 -0.001 -0.003 -0.002  0.001  0.002  0.     0.003  0.
   0.001  0.003  0.002]
 [-0.035  0.088  0.018  0.055  0.037 -0.014 -0.021 -0.005 -0.043 -0.002
   0.008  0.025  0.017]
 [-0.001  0.019 -0.     0.001  0.001  0.002  0.003 -0.008 -0.018 -0.009
  -0.     0.002  0.002]
 [-0.002  0.056  0.001  0.002  0.003 -0.018 -0.005  0.001 -0.01  -0.002
   0.002  0.004  0.005]
 [-0.001  0.037  0.001  0.003  0.001  0.001 -0.017 -0.015  0.002 -0.002
   0.002  0.005  0.001]
 [ 0.003 -0.016  0.005 -0.014  0.004  0.167 -0.103  1.914 -0.538  0.43
  -0.001 -0.084 -0.024]
 [ 0.004 -0.024  0.007  0.001 -0.014 -0.103  0.344 -0.079  2.475 -0.194
  -0.001 -0.075 -0.085]
 [ 0.001 -0.006 -0.007  0.004 -0.015  1.914 -0.079  2.653 -0.158  0.239
  -0.021  0.005 -0.043]
 [ 0.009 -0.048 -0.013  0.002  0.012 -0.538  2.475 -0.158 -0.536  0.034
  -0.086 -0.151 -0.072]
 [ 0.    -0.002 -0.009 -0.002 -0.001  0.43  -0.194  0.239  0.034  2.885
  -0.018 -0.011  0.002]
 [ 0.001  0.008 -0.     0.003  0.002  0.006  0.009 -0.023 -0.087 -0.02
   0.001 -0.003 -0.002]
 [ 0.002  0.023  0.003  0.005  0.005 -0.087 -0.069  0.015 -0.139 -0.011
  -0.003 -0.006 -0.005]
 [ 0.002  0.016  0.002  0.005  0.002 -0.018 -0.088 -0.048 -0.056  0.006
  -0.002 -0.005 -0.002]] 
----------------------------------------------------------------------------------------
   Fe1   Fe1   (  1,   0,   1) 12.3680   ( 1.644, -1.163,  2.014)  2.848 
J_iso: 12.3680 
Orbital contributions:
 isotropic J:
 [[ 0.005 -0.035 -0.001 -0.002 -0.001  0.003  0.004  0.001  0.009  0.
   0.001  0.002  0.002]
 [-0.032  0.088  0.019  0.056  0.037 -0.016 -0.024 -0.006 -0.048 -0.002
   0.008  0.023  0.016]
 [-0.001  0.018 -0.     0.001  0.001  0.005  0.007 -0.007 -0.013 -0.009
  -0.     0.003  0.002]
 [-0.003  0.055  0.001  0.002  0.003 -0.014  0.001  0.004  0.002 -0.002
   0.003  0.005  0.005]
 [-0.002  0.037  0.001  0.003  0.001  0.004 -0.014 -0.015  0.012 -0.001
   0.002  0.005  0.002]
 [ 0.001 -0.014  0.002 -0.018  0.001  0.167 -0.103  1.914 -0.538  0.43
   0.006 -0.087 -0.018]
 [ 0.002 -0.021  0.003 -0.005 -0.017 -0.103  0.344 -0.079  2.475 -0.194
   0.009 -0.069 -0.088]
 [ 0.    -0.005 -0.008  0.001 -0.015  1.914 -0.079  2.653 -0.158  0.239
  -0.023  0.015 -0.048]
 [ 0.003 -0.043 -0.018 -0.01   0.002 -0.538  2.475 -0.158 -0.536  0.034
  -0.087 -0.139 -0.056]
 [ 0.    -0.002 -0.009 -0.002 -0.002  0.43  -0.194  0.239  0.034  2.885
  -0.02  -0.011  0.006]
 [ 0.001  0.008 -0.     0.002  0.002 -0.001 -0.001 -0.021 -0.086 -0.018
   0.001 -0.003 -0.002]
 [ 0.003  0.025  0.002  0.004  0.005 -0.084 -0.075  0.005 -0.151 -0.011
  -0.003 -0.006 -0.005]
 [ 0.002  0.017  0.002  0.005  0.001 -0.024 -0.085 -0.043 -0.072  0.002
  -0.002 -0.005 -0.002]] 
----------------------------------------------------------------------------------------
   Fe1   Fe1   (  1,   1,   0) 12.3712   ( 1.644,  2.325,  0.000)  2.848 
J_iso: 12.3712 
Orbital contributions:
 isotropic J:
 [[ 0.005 -0.035 -0.002 -0.    -0.001  0.011 -0.     0.004 -0.     0.001
   0.003  0.     0.002]
 [-0.032  0.088  0.075 -0.     0.037 -0.064 -0.    -0.024 -0.    -0.008
   0.031 -0.     0.016]
 [-0.004  0.073  0.005  0.     0.004 -0.012  0.     0.001  0.     0.009
   0.011 -0.     0.007]
 [-0.    -0.     0.     0.    -0.     0.    -0.016 -0.    -0.008  0.
  -0.    -0.001 -0.   ]
 [-0.002  0.037  0.004 -0.     0.001  0.017  0.     0.     0.    -0.03
   0.007 -0.     0.002]
 [ 0.004 -0.057 -0.035  0.     0.003 -1.426 -0.     1.665  0.     0.744
  -0.297 -0.    -0.075]
 [ 0.    -0.    -0.    -0.018 -0.     0.     1.912  0.     2.184  0.
   0.    -0.018  0.   ]
 [ 0.002 -0.021 -0.007 -0.    -0.004  1.665  0.    -0.962  0.     0.208
  -0.092  0.    -0.045]
 [ 0.    -0.    -0.    -0.009 -0.     0.     2.184  0.    -0.019  0.
   0.    -0.009  0.   ]
 [ 0.001 -0.007  0.005  0.    -0.031  0.744 -0.     0.208 -0.     4.447
   0.011 -0.    -0.082]
 [ 0.004  0.033  0.009  0.     0.006 -0.311 -0.    -0.099  0.    -0.002
  -0.012  0.    -0.007]
 [-0.    -0.     0.     0.     0.    -0.    -0.02   0.    -0.01  -0.
   0.     0.002  0.   ]
 [ 0.002  0.017  0.006  0.     0.001 -0.097  0.    -0.049  0.    -0.074
  -0.007  0.    -0.002]] 
----------------------------------------------------------------------------------------
   Fe1   Fe1   ( -1,   0,   1) -2.6702   (-3.289, -1.163,  2.014)  4.028 
J_iso: -2.6702 
Orbital contributions:
 isotropic J:
 [[-0.004  0.008 -0.    -0.    -0.001 -0.003 -0.017  0.001 -0.009 -0.032
   0.     0.001  0.002]
 [ 0.008  0.182  0.     0.     0.001 -0.183 -0.042 -0.02  -0.549 -0.232
   0.002  0.007  0.02 ]
 [-0.     0.001  0.     0.     0.    -0.002 -0.001 -0.001 -0.002  0.001
   0.     0.     0.   ]
 [-0.     0.002  0.     0.001  0.    -0.002 -0.003 -0.003 -0.011  0.002
   0.     0.     0.   ]
 [-0.     0.006  0.     0.     0.002 -0.     0.001 -0.008 -0.001 -0.011
   0.     0.    -0.   ]
 [-0.005 -0.182 -0.002 -0.003  0.001 -0.012 -0.134 -0.03  -0.028 -0.137
  -0.001 -0.001  0.001]
 [-0.016 -0.039 -0.001 -0.003  0.002 -0.169  0.619 -0.227 -0.077  0.712
  -0.002 -0.004 -0.003]
 [ 0.001 -0.019 -0.    -0.001 -0.007 -0.027 -0.248 -0.268 -0.308 -0.327
  -0.002 -0.01  -0.009]
 [-0.016 -0.546 -0.003 -0.011  0.004 -0.028 -0.077 -0.292  0.17   0.031
  -0.001 -0.005  0.004]
 [-0.035 -0.229  0.002  0.004 -0.013 -0.098  0.674 -0.36   0.071 -0.036
  -0.003 -0.007 -0.009]
 [ 0.     0.002 -0.     0.    -0.    -0.001 -0.003 -0.002 -0.    -0.002
   0.     0.     0.001]
 [ 0.001  0.006  0.     0.    -0.    -0.    -0.005 -0.009 -0.004 -0.004
   0.     0.     0.002]
 [ 0.002  0.015 -0.    -0.    -0.001  0.002 -0.    -0.007  0.007 -0.013
   0.001  0.002  0.003]] 
----------------------------------------------------------------------------------------
   Fe1   Fe1   ( -1,   1,   0) -2.6634   (-3.289,  2.325,  0.000)  4.028 
J_iso: -2.6634 
Orbital contributions:
 isotropic J:
 [[-0.004  0.008 -0.001 -0.    -0.001 -0.013 -0.    -0.047 -0.    -0.002
   0.001  0.     0.002]
 [ 0.008  0.182  0.    -0.     0.001 -0.732  0.    -0.203  0.    -0.091
   0.01   0.     0.02 ]
 [-0.     0.003  0.002  0.     0.    -0.018  0.     0.001  0.    -0.006
   0.001  0.     0.   ]
 [-0.     0.     0.    -0.     0.    -0.    -0.    -0.    -0.    -0.
   0.     0.     0.   ]
 [-0.     0.006  0.     0.     0.002 -0.001  0.     0.003  0.    -0.02
   0.    -0.    -0.   ]
 [-0.021 -0.729 -0.018 -0.     0.005  0.233  0.    -0.012  0.    -0.343
  -0.008  0.     0.005]
 [ 0.     0.     0.     0.    -0.     0.    -0.276 -0.    -0.283 -0.
  -0.    -0.     0.   ]
 [-0.047 -0.196  0.001  0.     0.002  0.02   0.     2.566  0.     0.002
  -0.    -0.    -0.   ]
 [ 0.     0.    -0.     0.     0.    -0.    -0.283 -0.    -0.131  0.
   0.    -0.    -0.   ]
 [-0.003 -0.091  0.    -0.    -0.02  -0.343  0.    -0.002  0.    -1.752
  -0.028  0.    -0.021]
 [ 0.001  0.007  0.001  0.    -0.    -0.006  0.    -0.001 -0.    -0.023
   0.001  0.     0.003]
 [ 0.     0.     0.    -0.    -0.     0.     0.    -0.     0.     0.
   0.     0.001  0.   ]
 [ 0.002  0.015 -0.     0.    -0.001  0.009  0.    -0.001  0.    -0.019
   0.003  0.     0.003]] 
----------------------------------------------------------------------------------------
   Fe1   Fe1   (  0,  -1,   1) -2.6683   ( 0.000, -3.488,  2.014)  4.028 
J_iso: -2.6683 
Orbital contributions:
 isotropic J:
 [[-0.004  0.008 -0.001 -0.    -0.    -0.    -0.026  0.001 -0.    -0.035
   0.002  0.001  0.   ]
 [ 0.008  0.182  0.001  0.     0.    -0.001 -0.589 -0.02  -0.002 -0.415
   0.022  0.007 -0.   ]
 [-0.001  0.006  0.001  0.     0.    -0.     0.002 -0.005 -0.003 -0.008
  -0.001 -0.     0.   ]
 [-0.     0.002  0.     0.001  0.001 -0.005 -0.013 -0.003 -0.     0.004
  -0.     0.     0.   ]
 [-0.     0.     0.     0.001  0.    -0.003 -0.001 -0.003 -0.001 -0.001
   0.     0.     0.   ]
 [ 0.     0.     0.001 -0.004 -0.002 -0.368 -0.032 -0.057  0.123 -0.033
  -0.001 -0.007 -0.006]
 [-0.033 -0.586  0.006 -0.014 -0.001 -0.063  0.215 -0.442 -0.106  0.213
   0.004 -0.009 -0.003]
 [ 0.001 -0.019 -0.005 -0.001 -0.003 -0.052 -0.47  -0.268 -0.086 -0.302
  -0.005 -0.01  -0.006]
 [ 0.001  0.    -0.001  0.001 -0.001  0.123 -0.106 -0.077  0.631  0.274
  -0.001 -0.001 -0.002]
 [-0.04  -0.411 -0.01   0.006 -0.001 -0.015  0.234 -0.333  0.258  0.133
  -0.003 -0.001 -0.002]
 [ 0.002  0.017 -0.002 -0.     0.    -0.001  0.007 -0.004  0.001 -0.004
   0.004  0.002  0.   ]
 [ 0.001  0.006 -0.     0.     0.    -0.005 -0.008 -0.009 -0.001  0.001
   0.002  0.     0.   ]
 [-0.    -0.     0.     0.     0.    -0.005 -0.002 -0.005 -0.002 -0.002
   0.     0.     0.001]] 
----------------------------------------------------------------------------------------
   Fe1   Fe1   (  0,   1,  -1) -2.6683   ( 0.000,  3.488, -2.014)  4.028 
J_iso: -2.6683 
Orbital contributions:
 isotropic J:
 [[-0.004  0.008 -0.001 -0.    -0.     0.    -0.033  0.001  0.001 -0.04
   0.002  0.001 -0.   ]
 [ 0.008  0.182  0.006  0.002  0.     0.    -0.586 -0.019  0.    -0.411
   0.017  0.006 -0.   ]
 [-0.001  0.001  0.001  0.     0.     0.001  0.006 -0.005 -0.001 -0.01
  -0.002 -0.     0.   ]
 [-0.     0.     0.     0.001  0.001 -0.004 -0.014 -0.001  0.001  0.006
  -0.     0.     0.   ]
 [-0.     0.     0.     0.001  0.    -0.002 -0.001 -0.003 -0.001 -0.001
   0.     0.     0.   ]
 [-0.    -0.001 -0.    -0.005 -0.003 -0.368 -0.063 -0.052  0.123 -0.015
  -0.001 -0.005 -0.005]
 [-0.026 -0.589  0.002 -0.013 -0.001 -0.032  0.215 -0.47  -0.106  0.234
   0.007 -0.008 -0.002]
 [ 0.001 -0.02  -0.005 -0.003 -0.003 -0.057 -0.442 -0.268 -0.077 -0.333
  -0.004 -0.009 -0.005]
 [-0.    -0.002 -0.003 -0.    -0.001  0.123 -0.106 -0.086  0.631  0.258
   0.001 -0.001 -0.002]
 [-0.035 -0.415 -0.008  0.004 -0.001 -0.033  0.213 -0.302  0.274  0.133
  -0.004  0.001 -0.002]
 [ 0.002  0.022 -0.001 -0.     0.    -0.001  0.004 -0.005 -0.001 -0.003
   0.004  0.002  0.   ]
 [ 0.001  0.007 -0.     0.     0.    -0.007 -0.009 -0.01  -0.001 -0.001
   0.002  0.     0.   ]
 [ 0.    -0.     0.     0.     0.    -0.006 -0.003 -0.006 -0.002 -0.002
   0.     0.     0.001]] 
----------------------------------------------------------------------------------------
   Fe1   Fe1   (  1,  -1,   0) -2.6634   ( 3.289, -2.325,  0.000)  4.028 
J_iso: -2.6634 
Orbital contributions:
 isotropic J:
 [[-0.004  0.008 -0.    -0.    -0.    -0.021  0.    -0.047  0.    -0.003
   0.001  0.     0.002]
 [ 0.008  0.182  0.003  0.     0.006 -0.729  0.    -0.196  0.    -0.091
   0.007  0.     0.015]
 [-0.001  0.     0.002  0.     0.    -0.018  0.     0.001 -0.     0.
   0.001  0.    -0.   ]
 [-0.    -0.     0.    -0.     0.    -0.     0.     0.     0.    -0.
   0.    -0.     0.   ]
 [-0.001  0.001  0.     0.     0.002  0.005 -0.     0.002  0.    -0.02
  -0.    -0.    -0.001]
 [-0.013 -0.732 -0.018 -0.    -0.001  0.233  0.     0.02  -0.    -0.343
  -0.006  0.     0.009]
 [-0.     0.     0.    -0.     0.     0.    -0.276  0.    -0.283  0.
   0.     0.     0.   ]
 [-0.047 -0.203  0.001 -0.     0.003 -0.012 -0.     2.566 -0.    -0.002
  -0.001 -0.    -0.001]
 [-0.     0.     0.    -0.     0.     0.    -0.283  0.    -0.131  0.
  -0.     0.     0.   ]
 [-0.002 -0.091 -0.006 -0.    -0.02  -0.343 -0.     0.002  0.    -1.752
  -0.023  0.    -0.019]
 [ 0.001  0.01   0.001  0.     0.    -0.008 -0.    -0.     0.    -0.028
   0.001  0.     0.003]
 [ 0.     0.     0.     0.    -0.     0.    -0.    -0.    -0.     0.
   0.     0.001  0.   ]
 [ 0.002  0.02   0.     0.    -0.     0.005  0.    -0.    -0.    -0.021
   0.003  0.     0.003]] 
----------------------------------------------------------------------------------------
   Fe1   Fe1   (  1,   0,  -1) -2.6702   ( 3.289,  1.163, -2.014)  4.028 
J_iso: -2.6702 
Orbital contributions:
 isotropic J:
 [[-0.004  0.008 -0.    -0.    -0.    -0.005 -0.016  0.001 -0.016 -0.035
   0.     0.001  0.002]
 [ 0.008  0.182  0.001  0.002  0.006 -0.182 -0.039 -0.019 -0.546 -0.229
   0.002  0.006  0.015]
 [-0.     0.     0.     0.     0.    -0.002 -0.001 -0.    -0.003  0.002
  -0.     0.    -0.   ]
 [-0.     0.     0.     0.001  0.    -0.003 -0.003 -0.001 -0.011  0.004
   0.     0.    -0.   ]
 [-0.001  0.001  0.     0.     0.002  0.001  0.002 -0.007  0.004 -0.013
  -0.    -0.    -0.001]
 [-0.003 -0.183 -0.002 -0.002 -0.    -0.012 -0.169 -0.027 -0.028 -0.098
  -0.001 -0.     0.002]
 [-0.017 -0.042 -0.001 -0.003  0.001 -0.134  0.619 -0.248 -0.077  0.674
  -0.003 -0.005 -0.   ]
 [ 0.001 -0.02  -0.001 -0.003 -0.008 -0.03  -0.227 -0.268 -0.292 -0.36
  -0.002 -0.009 -0.007]
 [-0.009 -0.549 -0.002 -0.011 -0.001 -0.028 -0.077 -0.308  0.17   0.071
  -0.    -0.004  0.007]
 [-0.032 -0.232  0.001  0.002 -0.011 -0.137  0.712 -0.327  0.031 -0.036
  -0.002 -0.004 -0.013]
 [ 0.     0.002  0.     0.     0.    -0.001 -0.002 -0.002 -0.001 -0.003
   0.     0.     0.001]
 [ 0.001  0.007  0.     0.     0.    -0.001 -0.004 -0.01  -0.005 -0.007
   0.     0.     0.002]
 [ 0.002  0.02   0.     0.    -0.     0.001 -0.003 -0.009  0.004 -0.009
   0.001  0.002  0.003]] 
----------------------------------------------------------------------------------------
   Fe1   Fe1   ( -2,  -1,  -1) -2.6736   (-3.289, -1.163, -2.014)  4.028 
J_iso: -2.6736 
Orbital contributions:
 isotropic J:
 [[-0.004  0.008 -0.    -0.    -0.001 -0.003 -0.017  0.001 -0.009 -0.032
   0.     0.001  0.002]
 [ 0.008  0.182  0.     0.     0.001 -0.183 -0.042 -0.02  -0.549 -0.232
   0.002  0.007  0.02 ]
 [-0.     0.001  0.     0.     0.    -0.002 -0.001 -0.001 -0.002  0.001
   0.     0.     0.   ]
 [-0.     0.002  0.     0.001  0.    -0.003 -0.003 -0.003 -0.011  0.002
   0.     0.     0.   ]
 [-0.     0.006  0.     0.     0.002 -0.     0.001 -0.007 -0.001 -0.011
   0.     0.    -0.   ]
 [-0.005 -0.182 -0.002 -0.002  0.001 -0.012 -0.134 -0.03  -0.028 -0.136
  -0.001 -0.001  0.001]
 [-0.016 -0.039 -0.001 -0.003  0.002 -0.168  0.619 -0.227 -0.077  0.709
  -0.002 -0.004 -0.003]
 [ 0.001 -0.019 -0.    -0.001 -0.007 -0.027 -0.247 -0.266 -0.308 -0.327
  -0.002 -0.01  -0.009]
 [-0.016 -0.546 -0.002 -0.011  0.004 -0.028 -0.077 -0.292  0.17   0.032
  -0.001 -0.005  0.004]
 [-0.035 -0.229  0.002  0.004 -0.013 -0.097  0.671 -0.36   0.071 -0.041
  -0.003 -0.007 -0.009]
 [ 0.     0.002 -0.     0.    -0.    -0.001 -0.003 -0.002 -0.    -0.001
   0.     0.001  0.001]
 [ 0.001  0.006  0.     0.    -0.    -0.    -0.005 -0.009 -0.004 -0.004
   0.001  0.     0.002]
 [ 0.002  0.015 -0.    -0.    -0.001  0.002 -0.    -0.007  0.007 -0.012
   0.001  0.002  0.003]] 
----------------------------------------------------------------------------------------
   Fe1   Fe1   ( -1,  -2,  -1) -2.6741   (-0.000, -3.488, -2.014)  4.028 
J_iso: -2.6741 
Orbital contributions:
 isotropic J:
 [[-0.004  0.008 -0.001 -0.    -0.    -0.    -0.026  0.001 -0.    -0.035
   0.002  0.001 -0.   ]
 [ 0.008  0.182  0.001  0.    -0.    -0.001 -0.589 -0.02  -0.002 -0.415
   0.022  0.007 -0.   ]
 [-0.001  0.006  0.001  0.     0.    -0.     0.002 -0.005 -0.003 -0.008
  -0.001 -0.     0.   ]
 [-0.     0.002  0.     0.001  0.001 -0.005 -0.013 -0.003 -0.     0.004
  -0.     0.     0.   ]
 [-0.    -0.     0.     0.001  0.    -0.003 -0.001 -0.003 -0.001 -0.001
   0.     0.     0.   ]
 [ 0.     0.     0.001 -0.004 -0.002 -0.368 -0.032 -0.057  0.122 -0.034
  -0.001 -0.007 -0.006]
 [-0.033 -0.586  0.006 -0.014 -0.001 -0.063  0.215 -0.442 -0.106  0.213
   0.004 -0.009 -0.003]
 [ 0.001 -0.019 -0.005 -0.001 -0.003 -0.052 -0.47  -0.266 -0.085 -0.302
  -0.005 -0.01  -0.006]
 [ 0.001  0.    -0.001  0.001 -0.001  0.121 -0.106 -0.077  0.631  0.273
  -0.001 -0.001 -0.002]
 [-0.04  -0.411 -0.01   0.006 -0.001 -0.016  0.234 -0.334  0.257  0.131
  -0.003 -0.001 -0.002]
 [ 0.002  0.017 -0.002 -0.     0.    -0.001  0.007 -0.004  0.001 -0.004
   0.004  0.002  0.   ]
 [ 0.001  0.006 -0.     0.     0.    -0.005 -0.008 -0.009 -0.001  0.001
   0.002  0.     0.   ]
 [-0.    -0.     0.     0.     0.    -0.005 -0.002 -0.005 -0.002 -0.002
   0.     0.     0.001]] 
----------------------------------------------------------------------------------------
   Fe1   Fe1   ( -1,  -1,  -2) -2.6760   (-0.000, -0.000, -4.028)  4.028 
J_iso: -2.6760 
Orbital contributions:
 isotropic J:
 [[-0.004  0.008 -0.    -0.002 -0.    -0.001 -0.    -0.06  -0.    -0.
  -0.     0.003 -0.   ]
 [ 0.008  0.182 -0.     0.001 -0.    -0.003  0.    -1.023  0.    -0.
  -0.     0.029 -0.   ]
 [-0.    -0.     0.001  0.     0.001  0.    -0.013 -0.    -0.006 -0.
   0.001  0.     0.001]
 [-0.001  0.008  0.     0.001  0.    -0.002  0.    -0.011  0.    -0.
   0.    -0.001  0.   ]
 [-0.    -0.     0.001 -0.     0.    -0.    -0.006 -0.    -0.003 -0.
   0.001  0.     0.   ]
 [ 0.002  0.    -0.     0.001 -0.     1.249 -0.     0.117  0.     0.079
  -0.     0.001  0.   ]
 [-0.    -0.    -0.009  0.    -0.004 -0.    -1.448 -0.    -0.229  0.
  -0.027 -0.    -0.01 ]
 [-0.073 -1.016  0.    -0.009 -0.     0.085 -0.     0.93  -0.     0.011
  -0.     0.003 -0.   ]
 [-0.    -0.    -0.004  0.    -0.002 -0.    -0.229 -0.    -0.744  0.
  -0.01  -0.    -0.008]
 [ 0.     0.     0.     0.    -0.     0.079  0.     0.015 -0.    -0.53
   0.     0.     0.   ]
 [-0.    -0.     0.001 -0.     0.    -0.    -0.023  0.    -0.009  0.
   0.001  0.     0.   ]
 [ 0.002  0.022 -0.    -0.003 -0.     0.003 -0.     0.006 -0.     0.
   0.     0.008  0.   ]
 [-0.    -0.     0.    -0.     0.     0.    -0.009  0.    -0.007  0.
   0.     0.     0.001]] 
----------------------------------------------------------------------------------------
   Fe1   Fe1   (  1,   1,   2) -2.6760   ( 0.000,  0.000,  4.028)  4.028 
J_iso: -2.6760 
Orbital contributions:
 isotropic J:
 [[-0.004  0.008 -0.    -0.001 -0.     0.002 -0.    -0.073 -0.     0.
  -0.     0.002 -0.   ]
 [ 0.008  0.182 -0.     0.008 -0.     0.    -0.    -1.016 -0.     0.
  -0.     0.022 -0.   ]
 [-0.    -0.     0.001  0.     0.001 -0.    -0.009  0.    -0.004  0.
   0.001 -0.     0.   ]
 [-0.002  0.001  0.     0.001 -0.     0.001  0.    -0.009  0.     0.
  -0.    -0.003 -0.   ]
 [-0.    -0.     0.001  0.     0.    -0.    -0.004 -0.    -0.002 -0.
   0.    -0.     0.   ]
 [-0.001 -0.003  0.    -0.002 -0.     1.249 -0.     0.085 -0.     0.079
  -0.     0.003  0.   ]
 [-0.     0.    -0.013  0.    -0.006 -0.    -1.448 -0.    -0.229  0.
  -0.023 -0.    -0.009]
 [-0.06  -1.023 -0.    -0.011 -0.     0.117 -0.     0.93  -0.     0.015
   0.     0.006  0.   ]
 [-0.     0.    -0.006  0.    -0.003  0.    -0.229 -0.    -0.744 -0.
  -0.009 -0.    -0.007]
 [-0.    -0.    -0.    -0.    -0.     0.079  0.     0.011  0.    -0.53
   0.     0.     0.   ]
 [-0.    -0.     0.001  0.     0.001 -0.    -0.027 -0.    -0.01   0.
   0.001  0.     0.   ]
 [ 0.003  0.029  0.    -0.001  0.     0.001 -0.     0.003 -0.     0.
   0.     0.008  0.   ]
 [-0.    -0.     0.001  0.     0.     0.    -0.01  -0.    -0.008  0.
   0.     0.     0.001]] 
----------------------------------------------------------------------------------------
   Fe1   Fe1   (  1,   2,   1) -2.6741   ( 0.000,  3.488,  2.014)  4.028 
J_iso: -2.6741 
Orbital contributions:
 isotropic J:
 [[-0.004  0.008 -0.001 -0.    -0.     0.    -0.033  0.001  0.001 -0.04
   0.002  0.001 -0.   ]
 [ 0.008  0.182  0.006  0.002 -0.     0.    -0.586 -0.019  0.    -0.411
   0.017  0.006 -0.   ]
 [-0.001  0.001  0.001  0.     0.     0.001  0.006 -0.005 -0.001 -0.01
  -0.002 -0.     0.   ]
 [-0.     0.     0.     0.001  0.001 -0.004 -0.014 -0.001  0.001  0.006
  -0.     0.     0.   ]
 [-0.    -0.     0.     0.001  0.    -0.002 -0.001 -0.003 -0.001 -0.001
   0.     0.     0.   ]
 [-0.    -0.001 -0.    -0.005 -0.003 -0.368 -0.063 -0.052  0.121 -0.016
  -0.001 -0.005 -0.005]
 [-0.026 -0.589  0.002 -0.013 -0.001 -0.032  0.215 -0.47  -0.106  0.234
   0.007 -0.008 -0.002]
 [ 0.001 -0.02  -0.005 -0.003 -0.003 -0.057 -0.442 -0.266 -0.077 -0.334
  -0.004 -0.009 -0.005]
 [-0.    -0.002 -0.003 -0.    -0.001  0.122 -0.106 -0.085  0.631  0.257
   0.001 -0.001 -0.002]
 [-0.035 -0.415 -0.008  0.004 -0.001 -0.034  0.213 -0.302  0.273  0.131
  -0.004  0.001 -0.002]
 [ 0.002  0.022 -0.001 -0.     0.    -0.001  0.004 -0.005 -0.001 -0.003
   0.004  0.002  0.   ]
 [ 0.001  0.007 -0.     0.     0.    -0.007 -0.009 -0.01  -0.001 -0.001
   0.002  0.     0.   ]
 [-0.    -0.     0.     0.     0.    -0.006 -0.003 -0.006 -0.002 -0.002
   0.     0.     0.001]] 
----------------------------------------------------------------------------------------
   Fe1   Fe1   (  2,   1,   1) -2.6736   ( 3.289,  1.163,  2.014)  4.028 
J_iso: -2.6736 
Orbital contributions:
 isotropic J:
 [[-0.004  0.008 -0.    -0.    -0.    -0.005 -0.016  0.001 -0.016 -0.035
   0.     0.001  0.002]
 [ 0.008  0.182  0.001  0.002  0.006 -0.182 -0.039 -0.019 -0.546 -0.229
   0.002  0.006  0.015]
 [-0.     0.     0.     0.     0.    -0.002 -0.001 -0.    -0.002  0.002
  -0.     0.    -0.   ]
 [-0.     0.     0.     0.001  0.    -0.002 -0.003 -0.001 -0.011  0.004
   0.     0.    -0.   ]
 [-0.001  0.001  0.     0.     0.002  0.001  0.002 -0.007  0.004 -0.013
  -0.    -0.    -0.001]
 [-0.003 -0.183 -0.002 -0.003 -0.    -0.012 -0.168 -0.027 -0.028 -0.097
  -0.001 -0.     0.002]
 [-0.017 -0.042 -0.001 -0.003  0.001 -0.134  0.619 -0.247 -0.077  0.671
  -0.003 -0.005 -0.   ]
 [ 0.001 -0.02  -0.001 -0.003 -0.007 -0.03  -0.227 -0.266 -0.292 -0.36
  -0.002 -0.009 -0.007]
 [-0.009 -0.549 -0.002 -0.011 -0.001 -0.028 -0.077 -0.308  0.17   0.071
  -0.    -0.004  0.007]
 [-0.032 -0.232  0.001  0.002 -0.011 -0.136  0.709 -0.327  0.032 -0.041
  -0.001 -0.004 -0.012]
 [ 0.     0.002  0.     0.     0.    -0.001 -0.002 -0.002 -0.001 -0.003
   0.     0.001  0.001]
 [ 0.001  0.007  0.     0.     0.    -0.001 -0.004 -0.01  -0.005 -0.007
   0.001  0.     0.002]
 [ 0.002  0.02   0.     0.    -0.     0.001 -0.003 -0.009  0.004 -0.009
   0.001  0.002  0.003]] 
----------------------------------------------------------------------------------------
   Fe1   Fe1   ( -1,  -1,   1)  0.0128   (-2.467, -3.488,  2.014)  4.723 
J_iso:  0.0128 
Orbital contributions:
 isotropic J:
 [[ 0.001  0.008  0.001  0.     0.     0.007  0.003  0.004  0.002  0.001
   0.004 -0.     0.002]
 [ 0.009  0.037  0.018  0.009  0.009 -0.009  0.019  0.009  0.01  -0.001
   0.026  0.005  0.013]
 [ 0.001  0.02  -0.     0.001  0.     0.002  0.003 -0.008  0.    -0.001
   0.     0.001  0.   ]
 [ 0.001  0.009  0.001  0.001  0.    -0.001 -0.005 -0.007 -0.003 -0.
   0.     0.     0.   ]
 [ 0.     0.01   0.     0.     0.     0.001  0.    -0.004  0.001 -0.003
   0.     0.     0.   ]
 [ 0.009 -0.016  0.002 -0.003  0.001  0.105 -0.195 -0.145 -0.107 -0.037
